,0,1,2,3,4,Seuil,Moy
0,0.560541812491788,0.5588695517146646,0.5552861357636857,0.5578423058087173,0.5549039047289146,3000.0,0.5574887421015541
1,0.5598967976206118,0.559801239861919,0.5571495120581946,0.5582484262831615,0.5571972909375411,3800.0,0.5584586533522856
2,0.561222661522474,0.5612465509621472,0.5578303610888806,0.5582006474038151,0.5587262150766253,4600.0,0.5594452872107885
3,0.5613540534406766,0.5613062745613302,0.5568389493424432,0.5570897884590117,0.5585828784385862,5400.0,0.5590343888484096
4,0.5609479329662322,0.5606254255306442,0.5561461555919206,0.556014763673718,0.5584514865203837,6200.0,0.5584371528565798
5,0.5586903809171155,0.5609718224059055,0.5550114072074439,0.5565403313465282,0.5602431944958731,7000.0,0.5582914272745733
6,0.5591562249907428,0.5613659981605131,0.5566836679845675,0.5573047934160704,0.561162937923291,7800.0,0.5591347244950369
7,0.5598848529007752,0.562345465187114,0.5580214766062662,0.5577945269293709,0.5640057812444009,8600.0,0.5604104205735856
8,0.5601118025776706,0.5616885055961013,0.5583917629212006,0.5585350995592399,0.5641849520419498,9400.0,0.5605824245392325
9,0.5608523752075395,0.5616885055961013,0.5583917629212006,0.5585350995592399,0.5641849520419498,10200.0,0.5607305390652062
10,0.5606254255306442,0.562524635984663,0.5605895913711344,0.5607448727290102,0.5634443794120809,11000.0,0.5615857810055065
11,0.5605657019314612,0.5613301640010033,0.5600281895388144,0.5592159485899258,0.5612107168026373,11800.0,0.5604701441727684
12,0.5612107168026373,0.5609598776860689,0.5606851491298271,0.5601118025776706,0.5597892951420824,12600.0,0.5605513682676573
13,0.5612107168026373,0.5609598776860689,0.5606851491298271,0.5601118025776706,0.5597892951420824,13400.0,0.5605513682676573
14,0.5611868273629642,0.5615571136778987,0.5620468471911991,0.5603268075347293,0.560541812491788,14200.0,0.5611318816517159
15,0.5611868273629642,0.5608404304877029,0.5607568174488468,0.5595026218660041,0.5586426020377692,15000.0,0.5601858598406575
16,0.5600281895388144,0.5608404304877029,0.5607568174488468,0.5595026218660041,0.5586426020377692,15800.0,0.5599541322758276
17,0.5610196012852519,0.560541812491788,0.5602073603363633,0.5598370740214288,0.5585231548394033,16600.0,0.5600258005948471
18,0.5610196012852519,0.560541812491788,0.5602073603363633,0.5598370740214288,0.5585231548394033,17400.0,0.5600258005948471
19,0.5610196012852519,0.560541812491788,0.5602073603363633,0.5598370740214288,0.5585231548394033,18200.0,0.5600258005948471
20,0.5610196012852519,0.560541812491788,0.5602073603363633,0.5598370740214288,0.5585231548394033,19000.0,0.5600258005948471
21,0.5615690583977353,0.5609001540868859,0.5599326317801216,0.5602193050561999,0.5585112101195666,19800.0,0.5602264718881018
22,0.5615690583977353,0.5609001540868859,0.5599326317801216,0.5602193050561999,0.5585112101195666,20600.0,0.5602264718881018
23,0.5610673801645982,0.5606134808108075,0.5590726119518866,0.5593951193874748,0.5586903809171155,21400.0,0.5597677946463765
24,0.5610673801645982,0.5606134808108075,0.5590726119518866,0.5593951193874748,0.5586903809171155,22200.0,0.5597677946463765
25,0.5610673801645982,0.5606134808108075,0.5590726119518866,0.5593951193874748,0.5586903809171155,23000.0,0.5597677946463765
26,0.5628232539805779,0.5616885055961013,0.5601595814570169,0.560983767125742,0.5595384560255139,23800.0,0.5610387128369905
27,0.5627635303813949,0.5634563241319175,0.5604104205735855,0.5612107168026373,0.5595981796246969,24600.0,0.5614878343028463
28,0.5627635303813949,0.5634563241319175,0.5604104205735855,0.5612107168026373,0.5595981796246969,25400.0,0.5614878343028463
29,0.5628351987004144,0.5649255246718188,0.5618557316738136,0.5622140732689115,0.5602790286553829,26200.0,0.5624219113940682
30,0.5628351987004144,0.5649255246718188,0.5618557316738136,0.5622140732689115,0.5602790286553829,27000.0,0.5624219113940682
